100 5
12220
18127
15958
11273
12086
16204
10067
14068
18292
13285
14389
12611
17590
13557
16000
18022
14235
19264
13997
13611
19479
16316
19737
10592
13606
12282
16109
19258
19722
15705
13469
11440
10007
15484
14735
10380
19610
10973
18347
10417
16091
10461
17754
18796
15389
11470
13786
19234
14096
16052
10929
17202
19881
10051
13844
13388
11334
14645
10054
13568
16302
12281
10247
14145
17863
11523
18693
16451
13610
10795
11425
17602
12923
18713
10208
12055
11279
19936
13736
16557
16334
11459
16473
10498
13483
12766
15924
11596
12066
10263
14263
18299
18644
17729
15766
18387
15061
16612
11502
11129
